0	0
2.50E-05	0.413333327
5.00E-05	0.379999995
7.50E-05	0.180000007
0.0001	0.13333334
0.000125	0.24666667
0.00015	0.453333348
0.000175	0.306666672
0.0002	0.100000001
0.000225	0.173333332
0.00025	0.206666663
0.000275	0.386666656
0.0003	0.233333334
0.000325	0.180000007
0.00035	0.319999993
0.000375	0.646666646
0.0004	1.179999948
0.000425	1.080000043
0.00045	1.019999981
0.000475	1.00666666
0.0005	1.413333297
0.000525	1.826666713
0.00055	1.700000048
0.000575	1.460000038
0.0006	1.433333278
0.000625	1.286666632
0.00065	1.279999971
0.000675	1.033333302
0.0007	0.899999976
0.000725	0.886666656
0.00075	1.059999943
0.000775	1.373333335
0.0008	1.166666627
0.000825	1.153333306
0.00085	1.313333392
0.000875	1.666666627
0.0009	2.25999999
0.000925	2.200000048
0.00095	2.126666784
0.000975	2.226666689
0.001	2.433333397
0.001025	2.940000057
0.00105	2.833333254
0.001075	2.673333406
0.0011	2.713333368
0.001125	2.700000048
0.00115	2.980000019
0.001175	2.799999952
0.0012	2.613333225
0.001225	2.880000114
0.00125	2.866666555
0.001275	3.233333349
0.0013	3.126666784
0.001325	3.026666641
0.00135	3.333333254
0.001375	3.406666756
0.0014	3.853333235
0.001425	3.839999914
0.00145	3.706666708
0.001475	3.973333359
0.0015	3.940000057
0.001525	4.306666851
0.00155	4.179999828
0.001575	3.900000095
0.0016	3.853333235
0.001625	3.586666584
0.00165	3.5
0.001675	3.146666765
0.0017	3.066666603
0.001725	3.526666641
0.00175	3.646666765
0.001775	4.133333206
0.0018	4.173333168
0.001825	4.026666641
0.00185	4.453333378
0.001875	4.473333359
0.0019	4.900000095
0.001925	4.960000038
0.00195	4.666666508
0.001975	4.873333454
0.002	4.78000021
0.002025	5.079999924
0.00205	4.840000153
0.002075	4.533333302
0.0021	4.766666889
0.002125	4.633333206
0.00215	4.913333416
0.002175	4.646666527
0.0022	4.440000057
0.002225	4.840000153
0.00225	4.813333511
0.002275	5.166666508
0.0023	5.20666647
0.002325	5.153333187
0.00235	5.533333302
0.002375	5.49333334
0.0024	5.860000134
0.002425	6.053333282
0.00245	5.739999771
0.002475	6.153333187
0.0025	6.033333302
0.002525	6.313333511
0.00255	6.246666431
0.002575	5.800000191
0.0026	6.21333313
0.002625	5.833333492
0.00265	5.873333454
0.002675	5.653333187
0.0027	5.486666679
0.002725	5.933333397
0.00275	5.693333149
0.002775	5.833333492
0.0028	5.900000095
0.002825	5.833333492
0.00285	6.113333225
0.002875	6.066666603
0.0029	6.360000134
0.002925	6.433333397
0.00295	6.199999809
0.002975	6.519999981
0.003	6.246666431
0.003025	6.333333492
0.00305	6.386666775
0.003075	6.139999866
0.0031	6.420000076
0.003125	6.179999828
0.00315	6.300000191
0.003175	6.313333511
0.0032	6.186666489
0.003225	6.446666718
0.00325	6.466666698
0.003275	6.733333111
0.0033	6.800000191
0.003325	6.653333187
0.00335	6.686666489
0.003375	6.553333282
0.0034	6.746666431
0.003425	6.613333225
0.00345	6.466666698
0.003475	6.639999866
0.0035	6.579999924
0.003525	6.833333492
0.00355	6.820000172
0.003575	6.653333187
0.0036	6.906666756
0.003625	6.800000191
0.00365	7.00666666
0.003675	7.053333282
0.0037	6.920000076
0.003725	6.99333334
0.00375	6.99333334
0.003775	7.260000229
0.0038	7.159999847
0.003825	6.99333334
0.00385	6.980000019
0.003875	6.860000134
0.0039	7.00666666
0.003925	6.800000191
0.00395	6.673333168
0.003975	6.860000134
0.004	6.800000191
0.004025	7.013333321
0.00405	6.99333334
0.004075	6.866666794
0.0041	7.053333282
0.004125	7.039999962
0.00415	7.260000229
0.004175	7.273333549
0.0042	7.233333111
0.004225	7.126666546
0.00425	7.186666489
0.004275	7.440000057
0.0043	7.333333492
0.004325	7.246666431
0.00435	7.260000229
0.004375	7.306666851
0.0044	7.613333225
0.004425	7.480000019
0.00445	7.420000076
0.004475	7.420000076
0.0045	7.406666756
0.004525	7.626666546
0.00455	7.526666641
0.004575	7.513333321
0.0046	7.526666641
0.004625	7.5
0.00465	7.693333149
0.004675	7.646666527
0.0047	7.633333206
0.004725	7.633333206
0.00475	7.613333225
0.004775	7.71999979
0.0048	7.71999979
0.004825	7.766666889
0.00485	7.746666431
0.004875	7.766666889
0.0049	7.966666698
0.004925	7.926666737
0.00495	7.840000153
0.004975	7.893333435
0.005	7.646666527
0.005025	7.646666527
0.00505	7.526666641
0.005075	7.480000019
0.0051	7.586666584
0.005125	7.486666679
0.00515	7.539999962
0.005175	7.573333263
0.0052	7.599999905
0.005225	7.599999905
0.00525	7.599999905
0.005275	7.659999847
0.0053	7.760000229
0.005325	7.806666851
0.00535	7.733333111
0.005375	7.70666647
0.0054	7.766666889
0.005425	7.806666851
0.00545	7.760000229
0.005475	7.840000153
0.0055	7.746666431
0.005525	7.913333416
0.00555	7.853333473
0.005575	7.766666889
0.0056	7.79333353
0.005625	7.486666679
0.00565	7.21333313
0.005675	7.29333353
0.0057	7.320000172
0.005725	7.406666756
0.00575	7.21333313
0.005775	7.039999962
0.0058	7.28000021
0.005825	7.28000021
0.00585	7.333333492
0.005875	7.21333313
0.0059	7.199999809
0.005925	7.346666813
0.00595	7.346666813
0.005975	7.453333378
0.006	7.246666431
0.006025	7.29333353
0.00605	7.466666698
0.006075	7.466666698
0.0061	7.573333263
0.006125	7.306666851
0.00615	7.113333225
0.006175	7.320000172
0.0062	7.420000076
0.006225	7.513333321
0.00625	7.246666431
0.006275	6.966666698
0.0063	7.306666851
0.006325	7.406666756
0.00635	7.646666527
0.006375	7.320000172
0.0064	7.199999809
0.006425	7.513333321
0.00645	7.426666737
0.006475	7.420000076
0.0065	7.159999847
0.006525	6.833333492
0.00655	7.013333321
0.006575	7.026666641
0.0066	6.99333334
0.006625	6.71333313
0.00665	6.320000172
0.006675	6.579999924
0.0067	6.699999809
0.006725	6.806666851
0.00675	6.453333378
0.006775	6.226666451
0.0068	6.526666641
0.006825	6.639999866
0.00685	6.686666489
0.006875	6.386666775
0.0069	6.053333282
0.006925	6.360000134
0.00695	6.453333378
0.006975	6.579999924
0.007	6.113333225
0.007025	5.739999771
0.00705	6.019999981
0.007075	6.106666565
0.0071	6.273333549
0.007125	5.813333511
0.00715	5.460000038
0.007175	5.773333549
0.0072	5.906666756
0.007225	6.066666603
0.00725	5.626666546
0.007275	5.28000021
0.0073	5.666666508
0.007325	5.753333569
0.00735	5.699999809
0.007375	5.433333397
0.0074	4.986666679
0.007425	5.340000153
0.00745	5.420000076
0.007475	5.519999981
0.0075	5.28000021
0.007525	5.00666666
0.00755	5.313333511
0.007575	5.50666666
0.0076	5.353333473
0.007625	5.119999886
0.00765	4.619999886
0.007675	5.019999981
0.0077	5.21333313
0.007725	4.960000038
0.00775	4.813333511
0.007775	4.326666832
0.0078	4.659999847
0.007825	4.853333473
0.00785	5
0.007875	4.840000153
0.0079	4.606666565
0.007925	5.00666666
0.00795	5.079999924
0.007975	4.826666832
0.008	4.853333473
0.008025	4.513333321
0.00805	4.726666451
0.008075	4.800000191
0.0081	4.413333416
0.008125	4.460000038
0.00815	4.133333206
0.008175	4.21999979
0.0082	4.400000095
0.008225	4.133333206
0.00825	4.073333263
0.008275	3.646666765
0.0083	3.953333378
0.008325	4.146666527
0.00835	3.940000057
0.008375	3.893333435
0.0084	3.5
0.008425	3.866666555
0.00845	3.880000114
0.008475	3.333333254
0.0085	3.480000019
0.008525	3.279999971
0.00855	3.053333282
0.008575	3.273333311
0.0086	2.880000114
0.008625	2.980000019
0.00865	2.806666613
0.008675	2.833333254
0.0087	3.053333282
0.008725	2.806666613
0.00875	2.846666574
0.008775	2.673333406
0.0088	2.786666632
0.008825	3.013333321
0.00885	2.626666784
0.008875	2.653333426
0.0089	2.446666718
0.008925	2.480000019
0.00895	2.713333368
0.008975	2.24666667
0.009	2.313333273
0.009025	2.033333302
0.00905	2.079999924
0.009075	2.273333311
0.0091	1.933333278
0.009125	2.039999962
0.00915	1.946666718
0.009175	1.899999976
0.0092	2.140000105
0.009225	1.799999952
0.00925	1.860000014
0.009275	1.766666651
0.0093	1.766666651
0.009325	1.50666666
0.00935	1.213333368
0.009375	1.419999957
0.0094	1.399999976
0.009425	0.939999998
0.00945	1.059999943
0.009475	0.959999979
0.0095	1.25333333
0.009525	1.433333278
0.00955	1.313333392
0.009575	1.326666713
0.0096	1.24000001
0.009625	1.486666679
0.00965	1.606666684
0.009675	1.413333297
0.0097	1.179999948
0.009725	1.106666684
0.00975	1.24000001
0.009775	1.266666651
0.0098	0.826666653
0.009825	0.680000007
0.00985	0.593333304
0.009875	0.793333352
0.0099	0.873333335
0.009925	0.453333348
0.00995	0.25333333
0.009975	0.206666663
0.01	0.379999995
0.010025	0.453333348
0.01005	-0.013333334
0.010075	-0.166666672
0.0101	-0.219999999
0.010125	-0.033333335
0.01015	0.046666667
0.010175	-0.400000006
0.0102	-0.50666666
0.010225	-0.473333329
0.01025	-0.340000004
0.010275	-0.293333322
0.0103	-0.579999983
0.010325	-0.800000012
0.01035	-0.706666648
0.010375	-0.646666646
0.0104	-0.653333306
0.010425	-0.933333337
0.01045	-1.019999981
0.010475	-1.019999981
0.0105	-0.873333335
0.010525	-0.75333333
0.01055	-0.99333334
0.010575	-1.24000001
0.0106	-1.373333335
0.010625	-1.193333387
0.01065	-1.059999943
0.010675	-1.606666684
0.0107	-1.833333373
0.010725	-1.860000014
0.01075	-1.700000048
0.010775	-1.593333364
0.0108	-2.039999962
0.010825	-2.366666555
0.01085	-2.200000048
0.010875	-2.24666667
0.0109	-2.039999962
0.010925	-2.173333406
0.01095	-2.440000057
0.010975	-2.50666666
0.011	-2.346666574
0.011025	-2.226666689
0.01105	-2.553333282
0.011075	-2.359999895
0.0111	-2.74666667
0.011125	-2.49333334
0.01115	-2.566666603
0.011175	-2.686666727
0.0112	-2.720000029
0.011225	-3.013333321
0.01125	-2.893333435
0.011275	-2.940000057
0.0113	-3.266666651
0.011325	-3.293333292
0.01135	-3.619999886
0.011375	-3.473333359
0.0114	-3.5
0.011425	-3.880000114
0.01145	-3.866666555
0.011475	-4.046666622
0.0115	-3.839999914
0.011525	-3.680000067
0.01155	-3.960000038
0.011575	-3.940000057
0.0116	-4.193333149
0.011625	-3.953333378
0.01165	-3.813333273
0.011675	-4.059999943
0.0117	-4.026666641
0.011725	-4.253333569
0.01175	-4.013333321
0.011775	-3.880000114
0.0118	-4.086666584
0.011825	-4.146666527
0.01185	-4.386666775
0.011875	-4.166666508
0.0119	-4.106666565
0.011925	-4.400000095
0.01195	-4.366666794
0.011975	-4.800000191
0.012	-4.460000038
0.012025	-4.473333359
0.01205	-4.739999771
0.012075	-4.559999943
0.0121	-4.933333397
0.012125	-4.559999943
0.01215	-4.486666679
0.012175	-4.606666565
0.0122	-4.753333569
0.012225	-5.106666565
0.01225	-4.913333416
0.012275	-5.079999924
0.0123	-5.433333397
0.012325	-5.239999771
0.01235	-5.639999866
0.012375	-5.313333511
0.0124	-5.326666832
0.012425	-5.406666756
0.01245	-5.446666718
0.012475	-5.860000134
0.0125	-5.566666603
0.012525	-5.566666603
0.01255	-5.906666756
0.012575	-5.653333187
0.0126	-5.946666718
0.012625	-5.593333244
0.01265	-5.406666756
0.012675	-5.49333334
0.0127	-5.373333454
0.012725	-5.78666687
0.01275	-5.639999866
0.012775	-5.846666813
0.0128	-5.946666718
0.012825	-5.886666775
0.01285	-6.173333168
0.012875	-5.953333378
0.0129	-6.00666666
0.012925	-6.173333168
0.01295	-6.039999962
0.012975	-6.360000134
0.013	-6.113333225
0.013025	-6.173333168
0.01305	-6.28666687
0.013075	-6.066666603
0.0131	-6.226666451
0.013125	-5.966666698
0.01315	-5.886666775
0.013175	-5.920000076
0.0132	-5.846666813
0.013225	-6.079999924
0.01325	-5.920000076
0.013275	-6.026666641
0.0133	-6.153333187
0.013325	-6.260000229
0.01335	-6.466666698
0.013375	-6.480000019
0.0134	-6.71999979
0.013425	-6.986666679
0.01345	-6.953333378
0.013475	-7.113333225
0.0135	-6.926666737
0.013525	-6.940000057
0.01355	-7.113333225
0.013575	-6.940000057
0.0136	-6.940000057
0.013625	-6.659999847
0.01365	-6.466666698
0.013675	-6.513333321
0.0137	-6.71333313
0.013725	-6.920000076
0.01375	-6.893333435
0.013775	-7
0.0138	-7.260000229
0.013825	-7.380000114
0.01385	-7.466666698
0.013875	-7.340000153
0.0139	-7.366666794
0.013925	-7.559999943
0.01395	-7.400000095
0.013975	-7.466666698
0.014	-7.193333149
0.014025	-7.026666641
0.01405	-7.053333282
0.014075	-6.986666679
0.0141	-7.026666641
0.014125	-6.833333492
0.01415	-6.733333111
0.014175	-6.820000172
0.0142	-6.966666698
0.014225	-6.966666698
0.01425	-6.920000076
0.014275	-6.893333435
0.0143	-7.173333168
0.014325	-7.466666698
0.01435	-7.413333416
0.014375	-7.400000095
0.0144	-7.366666794
0.014425	-7.733333111
0.01445	-7.826666832
0.014475	-7.70666647
0.0145	-7.633333206
0.014525	-7.539999962
0.01455	-7.693333149
0.014575	-7.606666565
0.0146	-7.546666622
0.014625	-7.466666698
0.01465	-7.426666737
0.014675	-7.453333378
0.0147	-7.440000057
0.014725	-7.466666698
0.01475	-7.453333378
0.014775	-7.486666679
0.0148	-7.599999905
0.014825	-7.599999905
0.01485	-7.5
0.014875	-7.513333321
0.0149	-7.559999943
0.014925	-7.513333321
0.01495	-7.473333359
0.014975	-7.413333416
0.015	-7.400000095
0.015025	-7.413333416
0.01505	-7.393333435
0.015075	-7.366666794
0.0151	-7.539999962
0.015125	-7.473333359
0.01515	-7.586666584
0.015175	-7.679999828
0.0152	-7.659999847
0.015225	-7.646666527
0.01525	-7.679999828
0.015275	-7.733333111
0.0153	-7.813333511
0.015325	-7.960000038
0.01535	-7.853333473
0.015375	-7.900000095
0.0154	-8
0.015425	-8.119999886
0.01545	-7.826666832
0.015475	-7.826666832
0.0155	-7.79333353
0.015525	-7.913333416
0.01555	-7.573333263
0.015575	-7.413333416
0.0156	-7.426666737
0.015625	-7.340000153
0.01565	-7.380000114
0.015675	-7.193333149
0.0157	-7.146666527
0.015725	-7.21999979
0.01575	-7.233333111
0.015775	-7.366666794
0.0158	-7.353333473
0.015825	-7.29333353
0.01585	-7.380000114
0.015875	-7.413333416
0.0159	-7.633333206
0.015925	-7.539999962
0.01595	-7.340000153
0.015975	-7.453333378
0.016	-7.440000057
0.016025	-7.646666527
0.01605	-7.380000114
0.016075	-7.173333168
0.0161	-7.366666794
0.016125	-7.320000172
0.01615	-7.466666698
0.016175	-7.246666431
0.0162	-7.053333282
0.016225	-7.266666889
0.01625	-7.266666889
0.016275	-7.466666698
0.0163	-7.260000229
0.016325	-6.966666698
0.01635	-7.126666546
0.016375	-7.193333149
0.0164	-7.473333359
0.016425	-7.086666584
0.01645	-6.79333353
0.016475	-6.853333473
0.0165	-6.926666737
0.016525	-7.193333149
0.01655	-6.699999809
0.016575	-6.49333334
0.0166	-6.539999962
0.016625	-6.573333263
0.01665	-6.820000172
0.016675	-6.380000114
0.0167	-6.126666546
0.016725	-6.333333492
0.01675	-6.420000076
0.016775	-6.686666489
0.0168	-6.346666813
0.016825	-6.039999962
0.01685	-6.273333549
0.016875	-6.406666756
0.0169	-6.71333313
0.016925	-6.366666794
0.01695	-6.079999924
0.016975	-6.053333282
0.017	-6.113333225
0.017025	-6.366666794
0.01705	-5.800000191
0.017075	-5.553333282
0.0171	-5.679999828
0.017125	-5.739999771
0.01715	-6.00666666
0.017175	-5.626666546
0.0172	-5.346666813
0.017225	-5.553333282
0.01725	-5.653333187
0.017275	-5.953333378
0.0173	-5.606666565
0.017325	-5.199999809
0.01735	-5.373333454
0.017375	-5.539999962
0.0174	-5.886666775
0.017425	-5.373333454
0.01745	-5.079999924
0.017475	-5.079999924
0.0175	-5.266666889
0.017525	-5.606666565
0.01755	-5.019999981
0.017575	-4.753333569
0.0176	-4.519999981
0.017625	-4.766666889
0.01765	-5.066666603
0.017675	-4.373333454
0.0177	-4.28000021
0.017725	-4.386666775
0.01775	-4.579999924
0.017775	-4.973333359
0.0178	-4.646666527
0.017825	-4.653333187
0.01785	-4.533333302
0.017875	-4.666666508
0.0179	-4.933333397
0.017925	-4.593333244
0.01795	-4.606666565
0.017975	-4.313333511
0.018	-4.440000057
0.018025	-4.50666666
0.01805	-4.193333149
0.018075	-4.046666622
0.0181	-3.880000114
0.018125	-4.033333302
0.01815	-4.326666832
0.018175	-3.793333292
0.0182	-3.839999914
0.018225	-3.393333435
0.01825	-3.513333321
0.018275	-3.5
0.0183	-3.173333406
0.018325	-3.206666708
0.01835	-3.413333416
0.018375	-3.559999943
0.0184	-3.940000057
0.018425	-3.853333235
0.01845	-3.733333349
0.018475	-3.706666708
0.0185	-3.953333378
0.018525	-4.386666775
0.01855	-3.973333359
0.018575	-4.046666622
0.0186	-3.473333359
0.018625	-3.266666651
0.01865	-2.733333349
0.018675	-2.573333263
0.0187	-2.626666784
0.018725	-2.453333378
0.01875	-2.733333349
0.018775	-3.053333282
0.0188	-2.720000029
0.018825	-2.773333311
0.01885	-2.553333282
0.018875	-2.806666613
0.0189	-2.853333235
0.018925	-2.713333368
0.01895	-2.773333311
0.018975	-2.393333435
0.019	-2.333333254
0.019025	-1.953333378
0.01905	-1.893333316
0.019075	-2.053333282
0.0191	-1.639999986
0.019125	-1.75999999
0.01915	-1.566666722
0.019175	-1.519999981
0.0192	-1.653333306
0.019225	-1.386666656
0.01925	-1.686666608
0.019275	-1.886666656
0.0193	-1.726666689
0.019325	-1.946666718
0.01935	-1.666666627
0.019375	-1.626666665
0.0194	-1.373333335
0.019425	-1.50666666
0.01945	-1.653333306
0.019475	-1.533333302
0.0195	-1.433333278
0.019525	-1.193333387
0.01955	-1.313333392
0.019575	-1.593333364
0.0196	-1.333333373
0.019625	-1.386666656
0.01965	-1.166666627
0.019675	-1.326666713
0.0197	-1.533333302
0.019725	-1.360000014
0.01975	-1.299999952
0.019775	-0.946666658
0.0198	-1.120000005
0.019825	-1.193333387
0.01985	-1.153333306
0.019875	-0.779999971
0.0199	-0.373333335
0.019925	-0.439999998
0.01995	-0.579999983
0.019975	-0.486666679
